end_point_x: 10.014089246071556
end_point_y: 10.16778640435683
num_ants: 50
num_it: 2
repetitions: 1
start_point_x: 12.27343957516851
start_point_y: 13.364059888909907
