end_point_x: 10.52009786899576
end_point_y: 6.411011186522773
num_ants: 50
num_it: 2
repetitions: 1
start_point_x: 11.21466399958404
start_point_y: 11.538674354143993
