end_point_x: 3.1249065304491843
end_point_y: 6.784921891235751
num_ants: 50
num_it: 2
repetitions: 1
start_point_x: 7.259271147855104
start_point_y: 10.439820632201327
