end_point_x: 3.2018527336750235
end_point_y: 4.446190047233284
num_ants: 50
num_it: 2
repetitions: 1
start_point_x: 13.759104681335321
start_point_y: 14.675866329325824
