end_point_x: 6.313070710669953
end_point_y: 3.240980308768812
num_ants: 50
num_it: 2
repetitions: 1
start_point_x: 8.381607011445382
start_point_y: 6.320576198900685
