end_point_x: 8.429243328820874
end_point_y: 15.52870508950344
num_ants: 50
num_it: 2
repetitions: 1
start_point_x: 13.73459305514626
start_point_y: 14.974501995802928
