end_point_x: 12.51017331992948
end_point_y: 8.506630499794298
num_ants: 50
num_it: 2
repetitions: 1
start_point_x: 2.2885574219112446
start_point_y: 12.976576660683456
