end_point_x: 9.830983359895951
end_point_y: 13.577673087432002
num_ants: 50
num_it: 2
repetitions: 1
start_point_x: 13.690217744160238
start_point_y: 4.248891465842203
