end_point_x: 1.3714577190747228
end_point_y: 2.3312342812195332
num_ants: 50
num_it: 2
repetitions: 1
start_point_x: 6.328722740661734
start_point_y: 3.094861064694582
