end_point_x: 1.5535949624675425
end_point_y: 6.101217870221642
num_ants: 50
num_it: 2
repetitions: 1
start_point_x: 9.425814550457703
start_point_y: 1.5999433931394265
