end_point_x: 9.427679292061363
end_point_y: 13.827355265266124
num_ants: 50
num_it: 2
repetitions: 1
start_point_x: 6.869504767852678
start_point_y: 9.352992997375503
