end_point_x: 14.973686488752913
end_point_y: 5.349974728067474
num_ants: 50
num_it: 2
repetitions: 1
start_point_x: 15.030708446691705
start_point_y: 12.847540928609922
