end_point_x: 11.90283855073764
end_point_y: 7.855526381354842
num_ants: 50
num_it: 2
repetitions: 1
start_point_x: 1.987876783673526
start_point_y: 13.025731988079436
