end_point_x: 8.589733865041572
end_point_y: 9.61932904383242
num_ants: 50
num_it: 2
repetitions: 1
start_point_x: 10.739131569135475
start_point_y: 14.752508072383376
