end_point_x: 4.447674244272706
end_point_y: 15.338643400501748
num_ants: 50
num_it: 2
repetitions: 1
start_point_x: 9.827482991858298
start_point_y: 3.7931490000094463
