end_point_x: 12.09435751948968
end_point_y: 11.929196063230215
num_ants: 50
num_it: 2
repetitions: 1
start_point_x: 10.034457384818879
start_point_y: 14.637187963790419
