end_point_x: 2.8562764048682645
end_point_y: 4.032300960112137
num_ants: 50
num_it: 2
repetitions: 1
start_point_x: 0.15794801874102404
start_point_y: 7.362503103667544
