end_point_x: 2.5392518173304914
end_point_y: 2.0310649652942576
num_ants: 50
num_it: 2
repetitions: 1
start_point_x: 13.609980622486667
start_point_y: 10.926596608286948
