end_point_x: 15.34243786250724
end_point_y: 13.922887471697178
num_ants: 50
num_it: 2
repetitions: 1
start_point_x: 5.519318032968723
start_point_y: 5.287962590336498
