end_point_x: 4.800871269865748
end_point_y: 15.491544623575692
num_ants: 50
num_it: 2
repetitions: 1
start_point_x: 13.974255345181156
start_point_y: 13.03838104631252
