end_point_x: 9.50849391587361
end_point_y: 0.9866374625370717
num_ants: 50
num_it: 2
repetitions: 1
start_point_x: 10.30657920392344
start_point_y: 5.077004227513102
