end_point_x: 4.102661964919639
end_point_y: 6.124601899700528
num_ants: 50
num_it: 2
repetitions: 1
start_point_x: 13.547879521326642
start_point_y: 5.322114311294484
