end_point_x: 6.0494518313544585
end_point_y: 7.0020307773047925
num_ants: 50
num_it: 2
repetitions: 1
start_point_x: 11.280964564421536
start_point_y: 10.051716434411297
