end_point_x: 4.0521534911054395
end_point_y: 12.071525157349134
num_ants: 50
num_it: 2
repetitions: 1
start_point_x: 10.926981865777
start_point_y: 12.784254876793238
