end_point_x: 7.291336661516102
end_point_y: 11.452631730947218
num_ants: 50
num_it: 2
repetitions: 1
start_point_x: 3.6121472020552314
start_point_y: 14.170873564002774
