end_point_x: 2.7977534621156313
end_point_y: 4.522871335596447
num_ants: 50
num_it: 2
repetitions: 1
start_point_x: 15.011876061528127
start_point_y: 5.564214032963605
