end_point_x: 12.008754372649278
end_point_y: 1.1084939616674703
num_ants: 50
num_it: 2
repetitions: 1
start_point_x: 9.53502053469825
start_point_y: 10.70082682109132
