end_point_x: 10.796729833378894
end_point_y: 3.708513353179283
num_ants: 50
num_it: 2
repetitions: 1
start_point_x: 11.796337829164536
start_point_y: 3.3572085481654277
