end_point_x: 8.902151825960829
end_point_y: 11.638428858162957
num_ants: 50
num_it: 2
repetitions: 1
start_point_x: 0.0913639636094743
start_point_y: 14.452480830419152
