end_point_x: 8.794518475159
end_point_y: 8.674507515822276
num_ants: 50
num_it: 2
repetitions: 1
start_point_x: 10.181534085127305
start_point_y: 0.8676404036370826
