end_point_x: 7.936126047461078
end_point_y: 14.210478553624387
num_ants: 50
num_it: 2
repetitions: 1
start_point_x: 3.840219954581677
start_point_y: 15.443359324283154
