end_point_x: 5.984136388936861
end_point_y: 8.948140974679392
num_ants: 50
num_it: 2
repetitions: 1
start_point_x: 2.753877767745296
start_point_y: 15.302767001780758
