end_point_x: 3.4066235874630966
end_point_y: 1.3200653799052091
num_ants: 50
num_it: 2
repetitions: 1
start_point_x: 3.969988017237636
start_point_y: 2.0918389472911
