end_point_x: 0.7863931189990581
end_point_y: 6.882124109670297
num_ants: 50
num_it: 2
repetitions: 1
start_point_x: 1.548741367011571
start_point_y: 11.218362377139103
