end_point_x: 0.6129459298128186
end_point_y: 1.7354953310544925
num_ants: 50
num_it: 2
repetitions: 1
start_point_x: 3.964567910998335
start_point_y: 1.8257989474674297
