end_point_x: 14.688779150172406
end_point_y: 13.84773532967214
num_ants: 50
num_it: 2
repetitions: 1
start_point_x: 3.0385849103785283
start_point_y: 10.199088176670886
