end_point_x: 5.261898917762643
end_point_y: 15.706834721239927
num_ants: 50
num_it: 2
repetitions: 1
start_point_x: 10.458845541018878
start_point_y: 0.7751159577415194
