end_point_x: 14.303648044416894
end_point_y: 13.557124201122255
num_ants: 50
num_it: 2
repetitions: 1
start_point_x: 12.195052088330929
start_point_y: 13.962618124968582
