end_point_x: 4.053726821016914
end_point_y: 7.765620066030488
num_ants: 50
num_it: 2
repetitions: 1
start_point_x: 2.8504258152873465
start_point_y: 5.703787565241061
