end_point_x: 13.818548442877214
end_point_y: 6.132503914672158
num_ants: 50
num_it: 2
repetitions: 1
start_point_x: 14.158329713829897
start_point_y: 7.382089075844062
