end_point_x: 1.6880686435699843
end_point_y: 0.8557551710987354
num_ants: 50
num_it: 2
repetitions: 1
start_point_x: 8.528516800220933
start_point_y: 0.587189309510336
