end_point_x: 10.186123673572371
end_point_y: 8.0970285304215
num_ants: 50
num_it: 2
repetitions: 1
start_point_x: 14.030837700814747
start_point_y: 12.5528170111111
