end_point_x: 5.371713942383618
end_point_y: 13.009530378876732
num_ants: 50
num_it: 2
repetitions: 1
start_point_x: 2.949265294675257
start_point_y: 8.886112520197777
