end_point_x: 0.5974740391317077
end_point_y: 5.9600363847863065
num_ants: 50
num_it: 2
repetitions: 1
start_point_x: 9.127671029942862
start_point_y: 8.67801410725987
