end_point_x: 9.905726847041006
end_point_y: 7.208683046343484
num_ants: 50
num_it: 2
repetitions: 1
start_point_x: 2.3049556292259474
start_point_y: 8.128037387994873
