end_point_x: 5.04350607320178
end_point_y: 9.355077177631152
num_ants: 50
num_it: 2
repetitions: 1
start_point_x: 10.371196189203784
start_point_y: 2.8995537495351407
