end_point_x: 10.126097683592029
end_point_y: 4.5595349485904055
num_ants: 50
num_it: 2
repetitions: 1
start_point_x: 1.569164541150613
start_point_y: 1.8161453002862462
