end_point_x: 2.217634970355391
end_point_y: 6.094220073882347
num_ants: 50
num_it: 2
repetitions: 1
start_point_x: 5.8648276679332945
start_point_y: 11.88209626376308
