end_point_x: 5.598170058248135
end_point_y: 7.870438593664558
num_ants: 50
num_it: 2
repetitions: 1
start_point_x: 2.495893112219214
start_point_y: 9.017826734187915
