end_point_x: 8.840177636678103
end_point_y: 2.7158715933987185
num_ants: 50
num_it: 2
repetitions: 1
start_point_x: 6.332040614884207
start_point_y: 6.774400236322167
