end_point_x: 1.9560565353068746
end_point_y: 14.576209689229946
num_ants: 50
num_it: 2
repetitions: 1
start_point_x: 2.6384238997281777
start_point_y: 5.799870844961301
