end_point_x: 10.159569625626935
end_point_y: 0.5098870784531986
num_ants: 50
num_it: 2
repetitions: 1
start_point_x: 9.135008951931615
start_point_y: 13.247389207433955
