end_point_x: 5.132685869395274
end_point_y: 15.31323940634023
num_ants: 50
num_it: 2
repetitions: 1
start_point_x: 8.069169419910274
start_point_y: 8.16307296340999
