end_point_x: 4.89161379819736
end_point_y: 14.817218070798981
num_ants: 50
num_it: 2
repetitions: 1
start_point_x: 8.995897306724546
start_point_y: 4.914759776601123
