end_point_x: 7.525140740861843
end_point_y: 2.609934351786457
num_ants: 50
num_it: 2
repetitions: 1
start_point_x: 5.382548253361437
start_point_y: 4.750590943781361
