end_point_x: 8.360257114592402
end_point_y: 13.528575936304026
num_ants: 50
num_it: 2
repetitions: 1
start_point_x: 1.355833916409889
start_point_y: 3.4090384134896183
