end_point_x: 14.54631676238379
end_point_y: 4.5890340006624655
num_ants: 50
num_it: 2
repetitions: 1
start_point_x: 11.145005284157918
start_point_y: 6.977160355850106
