end_point_x: 15.010409462746535
end_point_y: 3.4718998858814363
num_ants: 50
num_it: 2
repetitions: 1
start_point_x: 4.90101368145314
start_point_y: 14.643574448476134
