end_point_x: 1.858100644783713
end_point_y: 13.481052859081384
num_ants: 50
num_it: 2
repetitions: 1
start_point_x: 4.383539408155984
start_point_y: 3.5056439062518567
