end_point_x: 9.71386243127625
end_point_y: 3.6099166548779795
num_ants: 50
num_it: 2
repetitions: 1
start_point_x: 15.343662420589807
start_point_y: 8.634195320055372
