end_point_x: 9.102127857510657
end_point_y: 9.335313497831981
num_ants: 50
num_it: 2
repetitions: 1
start_point_x: 11.367133052197214
start_point_y: 11.490579759619758
