end_point_x: 8.786124975462684
end_point_y: 1.704704448775205
num_ants: 50
num_it: 2
repetitions: 1
start_point_x: 8.84300821398734
start_point_y: 5.885886869092115
