end_point_x: 15.144504599373626
end_point_y: 5.250312763251296
num_ants: 50
num_it: 2
repetitions: 1
start_point_x: 4.150462160134561
start_point_y: 0.35483818723083616
