end_point_x: 7.186259948511388
end_point_y: 2.0851761726844273
num_ants: 50
num_it: 2
repetitions: 1
start_point_x: 10.704030940704904
start_point_y: 0.5210913632060752
