end_point_x: 9.812446796315747
end_point_y: 7.469140656030373
num_ants: 50
num_it: 2
repetitions: 1
start_point_x: 6.529131164026513
start_point_y: 10.271899317915473
