end_point_x: 1.2446670169081848
end_point_y: 3.1246329710421232
num_ants: 50
num_it: 2
repetitions: 1
start_point_x: 14.878966289350194
start_point_y: 7.426019496319077
