end_point_x: 6.8348248395033036
end_point_y: 11.399313484527896
num_ants: 50
num_it: 2
repetitions: 1
start_point_x: 9.872619392483509
start_point_y: 12.182504495071317
