end_point_x: 4.268186495042608
end_point_y: 3.173708750899607
num_ants: 50
num_it: 2
repetitions: 1
start_point_x: 10.881602200655614
start_point_y: 13.99254169374288
