end_point_x: 2.383316146749177
end_point_y: 15.216223049155763
num_ants: 50
num_it: 2
repetitions: 1
start_point_x: 3.501509940729301
start_point_y: 3.105350722753121
