end_point_x: 7.447634000056555
end_point_y: 15.645248780061673
num_ants: 50
num_it: 2
repetitions: 1
start_point_x: 8.007492322088998
start_point_y: 15.935195347078874
