end_point_x: 5.2770019292031805
end_point_y: 4.150515150446836
num_ants: 50
num_it: 2
repetitions: 1
start_point_x: 8.415757991564867
start_point_y: 8.544564876517365
