end_point_x: 13.51637516809083
end_point_y: 14.440470832667751
num_ants: 50
num_it: 2
repetitions: 1
start_point_x: 5.538696661259875
start_point_y: 0.8762749451237202
