end_point_x: 9.690631046502983
end_point_y: 6.435038404199689
num_ants: 50
num_it: 2
repetitions: 1
start_point_x: 0.8121846527202248
start_point_y: 5.805635498434469
