end_point_x: 9.844973584243197
end_point_y: 11.38536737790597
num_ants: 50
num_it: 2
repetitions: 1
start_point_x: 3.664723553229768
start_point_y: 10.492325648339964
