end_point_x: 11.675522408154684
end_point_y: 8.994280765437043
num_ants: 50
num_it: 2
repetitions: 1
start_point_x: 0.22006821029889956
start_point_y: 4.332586613485308
