end_point_x: 11.493114572431242
end_point_y: 14.636156900501437
num_ants: 50
num_it: 2
repetitions: 1
start_point_x: 5.171842101465833
start_point_y: 4.601594995638045
