end_point_x: 8.609757652006696
end_point_y: 8.907519517567925
num_ants: 50
num_it: 2
repetitions: 1
start_point_x: 10.983604063493123
start_point_y: 3.021432634510907
