end_point_x: 13.616467348228094
end_point_y: 14.496736815706942
num_ants: 50
num_it: 2
repetitions: 1
start_point_x: 6.598623204675544
start_point_y: 12.493471725969885
