end_point_x: 5.325601000390563
end_point_y: 3.6374633339857834
num_ants: 50
num_it: 2
repetitions: 1
start_point_x: 13.637257764018628
start_point_y: 6.9077246545878666
