end_point_x: 12.44273928683392
end_point_y: 2.5478872132915704
num_ants: 50
num_it: 2
repetitions: 1
start_point_x: 5.257397487672758
start_point_y: 0.7505883200544634
