end_point_x: 11.122307186323368
end_point_y: 14.572423075417934
num_ants: 50
num_it: 2
repetitions: 1
start_point_x: 9.916127040875732
start_point_y: 2.9677998779608696
