end_point_x: 6.83430626448488
end_point_y: 2.6624945976297436
num_ants: 50
num_it: 2
repetitions: 1
start_point_x: 8.244438619241365
start_point_y: 5.450506144805638
