end_point_x: 5.9672816533690245
end_point_y: 10.910545545681599
num_ants: 50
num_it: 2
repetitions: 1
start_point_x: 9.00081071710794
start_point_y: 7.810944979678668
