end_point_x: 12.817253117298478
end_point_y: 0.7763452392667407
num_ants: 50
num_it: 2
repetitions: 1
start_point_x: 10.457599116849453
start_point_y: 12.475365645464288
