end_point_x: 15.841456852452016
end_point_y: 4.467275425857924
num_ants: 50
num_it: 2
repetitions: 1
start_point_x: 9.79885902991676
start_point_y: 0.794779174161846
