end_point_x: 1.2232036117436742
end_point_y: 12.168193996282872
num_ants: 50
num_it: 2
repetitions: 1
start_point_x: 12.025038377008448
start_point_y: 11.24494116731868
