end_point_x: 9.290992914873131
end_point_y: 14.318949200863266
num_ants: 50
num_it: 2
repetitions: 1
start_point_x: 2.1653697211025147
start_point_y: 15.080566584220586
