end_point_x: 15.535626080677895
end_point_y: 1.1177127665416418
num_ants: 50
num_it: 2
repetitions: 1
start_point_x: 7.414639342495123
start_point_y: 5.2541077728357575
