end_point_x: 13.266786055096208
end_point_y: 0.02293453798404954
num_ants: 50
num_it: 2
repetitions: 1
start_point_x: 7.762718545861286
start_point_y: 13.719139470374543
