end_point_x: 11.041919625790781
end_point_y: 6.754029803610186
num_ants: 50
num_it: 2
repetitions: 1
start_point_x: 6.213298781332536
start_point_y: 3.728849680005144
