end_point_x: 11.731567407209608
end_point_y: 2.95560725529298
num_ants: 50
num_it: 2
repetitions: 1
start_point_x: 13.969185279180934
start_point_y: 12.066102146609435
