end_point_x: 9.26024936196796
end_point_y: 7.534248562540718
num_ants: 50
num_it: 2
repetitions: 1
start_point_x: 10.455394451492266
start_point_y: 4.738837656597772
