end_point_x: 6.727980257479528
end_point_y: 3.3391958080910946
num_ants: 50
num_it: 2
repetitions: 1
start_point_x: 3.2296757590286624
start_point_y: 3.0560298848530003
