end_point_x: 4.165099411754278
end_point_y: 14.871216625406909
num_ants: 50
num_it: 2
repetitions: 1
start_point_x: 8.276053614943153
start_point_y: 13.545291498117283
