end_point_x: 3.1339241745437096
end_point_y: 1.39812088143049
num_ants: 50
num_it: 2
repetitions: 1
start_point_x: 0.5451775066233946
start_point_y: 9.537882669473204
