end_point_x: 15.544969908798336
end_point_y: 0.2336548939987111
num_ants: 50
num_it: 2
repetitions: 1
start_point_x: 7.435812481544719
start_point_y: 5.9272122557225675
