end_point_x: 13.377693447364347
end_point_y: 2.432774065645603
num_ants: 50
num_it: 2
repetitions: 1
start_point_x: 5.8851399254436565
start_point_y: 3.649789096784909
