end_point_x: 11.87170933630893
end_point_y: 15.51651567116283
num_ants: 50
num_it: 2
repetitions: 1
start_point_x: 7.9471076114226555
start_point_y: 12.942248678602144
