end_point_x: 0.819572574251918
end_point_y: 6.653733462260039
num_ants: 50
num_it: 2
repetitions: 1
start_point_x: 12.5205611378222
start_point_y: 0.3451303729286117
