end_point_x: 0.5004535129104557
end_point_y: 7.416053706126567
num_ants: 50
num_it: 2
repetitions: 1
start_point_x: 1.3034725900182522
start_point_y: 7.103815800792061
